%YAML:1.0
camera:
  fx: 458.654000
  fy: 457.296000
  cx: 367.215000
  cy: 248.375000
  k1: -0.283408
  k2: 0.073959
  p1: 0.000194
  p2: 0.000018
  k3: 0.000000
keyframes:
points:
